{
 "cells": [
  {
   "cell_type": "markdown",
   "metadata": {},
   "source": [
    "## Summary of the results"
   ]
  },
  {
   "cell_type": "markdown",
   "metadata": {},
   "source": [
    "I have run 25 experiments. Normally 30 epochs per set up which took around 30h on a p2.xlarge instance in AWS."
   ]
  },
  {
   "cell_type": "code",
   "execution_count": 9,
   "metadata": {},
   "outputs": [],
   "source": [
    "import pandas as pd\n",
    "import numpy as np\n",
    "import matplotlib.pyplot as plt\n",
    "import seaborn as sns\n",
    "import re\n",
    "\n",
    "from pathlib import Path"
   ]
  },
  {
   "cell_type": "code",
   "execution_count": 10,
   "metadata": {},
   "outputs": [],
   "source": [
    "DATA_PATH = Path(\"../datasets/Amazon/models/\")\n",
    "fname = \"results_df.p\""
   ]
  },
  {
   "cell_type": "code",
   "execution_count": 11,
   "metadata": {},
   "outputs": [],
   "source": [
    "df_results = pd.read_pickle(DATA_PATH/fname)"
   ]
  },
  {
   "cell_type": "markdown",
   "metadata": {},
   "source": [
    "These are all experiments I run, order by name"
   ]
  },
  {
   "cell_type": "code",
   "execution_count": 12,
   "metadata": {},
   "outputs": [
    {
     "data": {
      "text/html": [
       "<div>\n",
       "<style scoped>\n",
       "    .dataframe tbody tr th:only-of-type {\n",
       "        vertical-align: middle;\n",
       "    }\n",
       "\n",
       "    .dataframe tbody tr th {\n",
       "        vertical-align: top;\n",
       "    }\n",
       "\n",
       "    .dataframe thead th {\n",
       "        text-align: right;\n",
       "    }\n",
       "</style>\n",
       "<table border=\"1\" class=\"dataframe\">\n",
       "  <thead>\n",
       "    <tr style=\"text-align: right;\">\n",
       "      <th></th>\n",
       "      <th>modelname</th>\n",
       "      <th>iter_loss</th>\n",
       "      <th>best_hr</th>\n",
       "      <th>best_ndcg</th>\n",
       "      <th>best_iter</th>\n",
       "      <th>train_time</th>\n",
       "    </tr>\n",
       "  </thead>\n",
       "  <tbody>\n",
       "    <tr>\n",
       "      <th>3</th>\n",
       "      <td>GMF_bs_1024_lr_0001_n_emb_8_lrnr_adam_lrs_wolrs.pt</td>\n",
       "      <td>0.271748</td>\n",
       "      <td>0.557995</td>\n",
       "      <td>0.346811</td>\n",
       "      <td>30</td>\n",
       "      <td>81.556514</td>\n",
       "    </tr>\n",
       "    <tr>\n",
       "      <th>4</th>\n",
       "      <td>GMF_bs_1024_lr_0005_n_emb_8_lrnr_adam_lrs_wolrs.pt</td>\n",
       "      <td>0.208753</td>\n",
       "      <td>0.685528</td>\n",
       "      <td>0.450089</td>\n",
       "      <td>28</td>\n",
       "      <td>81.682074</td>\n",
       "    </tr>\n",
       "    <tr>\n",
       "      <th>6</th>\n",
       "      <td>GMF_bs_1024_lr_001_n_emb_16_lrnr_adam_lrs_wolrs.pt</td>\n",
       "      <td>0.147244</td>\n",
       "      <td>0.686205</td>\n",
       "      <td>0.460785</td>\n",
       "      <td>30</td>\n",
       "      <td>84.926549</td>\n",
       "    </tr>\n",
       "    <tr>\n",
       "      <th>7</th>\n",
       "      <td>GMF_bs_1024_lr_001_n_emb_32_lrnr_adam_lrs_wolrs.pt</td>\n",
       "      <td>0.095648</td>\n",
       "      <td>0.650702</td>\n",
       "      <td>0.435117</td>\n",
       "      <td>26</td>\n",
       "      <td>93.619321</td>\n",
       "    </tr>\n",
       "    <tr>\n",
       "      <th>8</th>\n",
       "      <td>GMF_bs_1024_lr_001_n_emb_64_lrnr_adam_lrs_wolrs.pt</td>\n",
       "      <td>0.054805</td>\n",
       "      <td>0.613295</td>\n",
       "      <td>0.406008</td>\n",
       "      <td>28</td>\n",
       "      <td>120.759626</td>\n",
       "    </tr>\n",
       "    <tr>\n",
       "      <th>5</th>\n",
       "      <td>GMF_bs_1024_lr_001_n_emb_8_lrnr_adam_lrs_wlrs.pt</td>\n",
       "      <td>0.203959</td>\n",
       "      <td>0.695273</td>\n",
       "      <td>0.459340</td>\n",
       "      <td>30</td>\n",
       "      <td>84.516223</td>\n",
       "    </tr>\n",
       "    <tr>\n",
       "      <th>2</th>\n",
       "      <td>GMF_bs_1024_lr_001_n_emb_8_lrnr_adam_lrs_wolrs.pt</td>\n",
       "      <td>0.209589</td>\n",
       "      <td>0.696055</td>\n",
       "      <td>0.460012</td>\n",
       "      <td>28</td>\n",
       "      <td>88.308644</td>\n",
       "    </tr>\n",
       "    <tr>\n",
       "      <th>1</th>\n",
       "      <td>GMF_bs_1024_lr_001_n_emb_8_lrnr_adam_lrs_wolrs_loss_MSE.pt</td>\n",
       "      <td>0.064875</td>\n",
       "      <td>0.682043</td>\n",
       "      <td>0.454177</td>\n",
       "      <td>20</td>\n",
       "      <td>81.501053</td>\n",
       "    </tr>\n",
       "    <tr>\n",
       "      <th>0</th>\n",
       "      <td>GMF_bs_512_lr_001_n_emb_8_lrnr_adam_lrs_wolrs_loss_MSE.pt</td>\n",
       "      <td>0.066310</td>\n",
       "      <td>0.690650</td>\n",
       "      <td>0.451348</td>\n",
       "      <td>27</td>\n",
       "      <td>103.297969</td>\n",
       "    </tr>\n",
       "    <tr>\n",
       "      <th>11</th>\n",
       "      <td>MLP_bs_1024_reg_00_lr_0001_n_emb_16_ll_8_dp_wodp_lrnr_adam_lrs_wolrs.pt</td>\n",
       "      <td>0.328461</td>\n",
       "      <td>0.554590</td>\n",
       "      <td>0.340501</td>\n",
       "      <td>22</td>\n",
       "      <td>90.453197</td>\n",
       "    </tr>\n",
       "    <tr>\n",
       "      <th>12</th>\n",
       "      <td>MLP_bs_1024_reg_00_lr_0005_n_emb_16_ll_8_dp_wodp_lrnr_adam_lrs_wolrs.pt</td>\n",
       "      <td>0.250698</td>\n",
       "      <td>0.562561</td>\n",
       "      <td>0.364141</td>\n",
       "      <td>20</td>\n",
       "      <td>91.086219</td>\n",
       "    </tr>\n",
       "    <tr>\n",
       "      <th>13</th>\n",
       "      <td>MLP_bs_1024_reg_00_lr_001_n_emb_16_ll_8_dp_wodp_lrnr_adam_lrs_wlrs.pt</td>\n",
       "      <td>0.242567</td>\n",
       "      <td>0.566530</td>\n",
       "      <td>0.373917</td>\n",
       "      <td>28</td>\n",
       "      <td>91.903554</td>\n",
       "    </tr>\n",
       "    <tr>\n",
       "      <th>10</th>\n",
       "      <td>MLP_bs_1024_reg_00_lr_001_n_emb_16_ll_8_dp_wodp_lrnr_adam_lrs_wolrs.pt</td>\n",
       "      <td>0.197586</td>\n",
       "      <td>0.609697</td>\n",
       "      <td>0.396860</td>\n",
       "      <td>30</td>\n",
       "      <td>98.565004</td>\n",
       "    </tr>\n",
       "    <tr>\n",
       "      <th>14</th>\n",
       "      <td>MLP_bs_1024_reg_00_lr_001_n_emb_32_ll_16_dp_wodp_lrnr_adam_lrs_wolrs.pt</td>\n",
       "      <td>0.161820</td>\n",
       "      <td>0.622289</td>\n",
       "      <td>0.410098</td>\n",
       "      <td>22</td>\n",
       "      <td>103.711247</td>\n",
       "    </tr>\n",
       "    <tr>\n",
       "      <th>15</th>\n",
       "      <td>MLP_bs_1024_reg_00_lr_001_n_emb_64_ll_32_dp_wodp_lrnr_adam_lrs_wolrs.pt</td>\n",
       "      <td>0.135888</td>\n",
       "      <td>0.639440</td>\n",
       "      <td>0.429385</td>\n",
       "      <td>18</td>\n",
       "      <td>119.394426</td>\n",
       "    </tr>\n",
       "    <tr>\n",
       "      <th>18</th>\n",
       "      <td>MLP_bs_1024_reg_00_lr_003_n_emb_32_ll_16_dp_wodp_lrnr_adam_lrs_wlrs.pt</td>\n",
       "      <td>0.196194</td>\n",
       "      <td>0.624532</td>\n",
       "      <td>0.412429</td>\n",
       "      <td>22</td>\n",
       "      <td>103.584324</td>\n",
       "    </tr>\n",
       "    <tr>\n",
       "      <th>16</th>\n",
       "      <td>MLP_bs_1024_reg_00_lr_003_n_emb_32_ll_16_dp_wodp_lrnr_adam_lrs_wolrs.pt</td>\n",
       "      <td>0.203978</td>\n",
       "      <td>0.637601</td>\n",
       "      <td>0.405437</td>\n",
       "      <td>30</td>\n",
       "      <td>95.000546</td>\n",
       "    </tr>\n",
       "    <tr>\n",
       "      <th>19</th>\n",
       "      <td>MLP_bs_1024_reg_00_lr_003_n_emb_64_ll_32_dp_wodp_lrnr_adam_lrs_wlrs.pt</td>\n",
       "      <td>0.205861</td>\n",
       "      <td>0.649072</td>\n",
       "      <td>0.435519</td>\n",
       "      <td>16</td>\n",
       "      <td>118.406985</td>\n",
       "    </tr>\n",
       "    <tr>\n",
       "      <th>17</th>\n",
       "      <td>MLP_bs_1024_reg_00_lr_003_n_emb_64_ll_32_dp_wodp_lrnr_adam_lrs_wolrs.pt</td>\n",
       "      <td>0.361445</td>\n",
       "      <td>0.521402</td>\n",
       "      <td>0.323681</td>\n",
       "      <td>4</td>\n",
       "      <td>116.886245</td>\n",
       "    </tr>\n",
       "    <tr>\n",
       "      <th>9</th>\n",
       "      <td>MLP_bs_512_reg_00_lr_001_n_emb_16_ll_8_dp_wodp_lrnr_adam_lrs_wolrs.pt</td>\n",
       "      <td>0.264200</td>\n",
       "      <td>0.572160</td>\n",
       "      <td>0.383375</td>\n",
       "      <td>22</td>\n",
       "      <td>121.305953</td>\n",
       "    </tr>\n",
       "    <tr>\n",
       "      <th>24</th>\n",
       "      <td>NeuMF_wpret_frozen_SGD_lrs_wolrs.pt</td>\n",
       "      <td>0.155904</td>\n",
       "      <td>0.710310</td>\n",
       "      <td>0.488197</td>\n",
       "      <td>4</td>\n",
       "      <td>79.513714</td>\n",
       "    </tr>\n",
       "    <tr>\n",
       "      <th>23</th>\n",
       "      <td>NeuMF_wpret_frozen_SGD_wo_momentum_lrs_wolrs.pt</td>\n",
       "      <td>0.154762</td>\n",
       "      <td>0.706373</td>\n",
       "      <td>0.485495</td>\n",
       "      <td>4</td>\n",
       "      <td>82.924275</td>\n",
       "    </tr>\n",
       "    <tr>\n",
       "      <th>25</th>\n",
       "      <td>NeuMF_wpret_frozen_adam_lrs_wolrs.pt</td>\n",
       "      <td>0.155047</td>\n",
       "      <td>0.705058</td>\n",
       "      <td>0.484298</td>\n",
       "      <td>4</td>\n",
       "      <td>81.263757</td>\n",
       "    </tr>\n",
       "    <tr>\n",
       "      <th>20</th>\n",
       "      <td>NeuMF_wpret_trainable_SGD_lrs_wlrs.pt</td>\n",
       "      <td>0.152156</td>\n",
       "      <td>0.702186</td>\n",
       "      <td>0.476085</td>\n",
       "      <td>20</td>\n",
       "      <td>114.815670</td>\n",
       "    </tr>\n",
       "    <tr>\n",
       "      <th>26</th>\n",
       "      <td>NeuMF_wpret_trainable_SGD_lrs_wlrs_loss_MSE.pt</td>\n",
       "      <td>0.046782</td>\n",
       "      <td>0.702388</td>\n",
       "      <td>0.478065</td>\n",
       "      <td>12</td>\n",
       "      <td>110.778055</td>\n",
       "    </tr>\n",
       "    <tr>\n",
       "      <th>22</th>\n",
       "      <td>NeuMF_wpret_trainable_SGD_wo_momentum_lrs_wlrs.pt</td>\n",
       "      <td>0.158410</td>\n",
       "      <td>0.694038</td>\n",
       "      <td>0.466635</td>\n",
       "      <td>4</td>\n",
       "      <td>105.726984</td>\n",
       "    </tr>\n",
       "    <tr>\n",
       "      <th>21</th>\n",
       "      <td>NeuMF_wpret_trainable_adam_lrs_wlrs.pt</td>\n",
       "      <td>0.142818</td>\n",
       "      <td>0.687794</td>\n",
       "      <td>0.462911</td>\n",
       "      <td>2</td>\n",
       "      <td>132.561878</td>\n",
       "    </tr>\n",
       "  </tbody>\n",
       "</table>\n",
       "</div>"
      ],
      "text/plain": [
       "                                                                  modelname  \\\n",
       "3                        GMF_bs_1024_lr_0001_n_emb_8_lrnr_adam_lrs_wolrs.pt   \n",
       "4                        GMF_bs_1024_lr_0005_n_emb_8_lrnr_adam_lrs_wolrs.pt   \n",
       "6                        GMF_bs_1024_lr_001_n_emb_16_lrnr_adam_lrs_wolrs.pt   \n",
       "7                        GMF_bs_1024_lr_001_n_emb_32_lrnr_adam_lrs_wolrs.pt   \n",
       "8                        GMF_bs_1024_lr_001_n_emb_64_lrnr_adam_lrs_wolrs.pt   \n",
       "5                          GMF_bs_1024_lr_001_n_emb_8_lrnr_adam_lrs_wlrs.pt   \n",
       "2                         GMF_bs_1024_lr_001_n_emb_8_lrnr_adam_lrs_wolrs.pt   \n",
       "1                GMF_bs_1024_lr_001_n_emb_8_lrnr_adam_lrs_wolrs_loss_MSE.pt   \n",
       "0                 GMF_bs_512_lr_001_n_emb_8_lrnr_adam_lrs_wolrs_loss_MSE.pt   \n",
       "11  MLP_bs_1024_reg_00_lr_0001_n_emb_16_ll_8_dp_wodp_lrnr_adam_lrs_wolrs.pt   \n",
       "12  MLP_bs_1024_reg_00_lr_0005_n_emb_16_ll_8_dp_wodp_lrnr_adam_lrs_wolrs.pt   \n",
       "13    MLP_bs_1024_reg_00_lr_001_n_emb_16_ll_8_dp_wodp_lrnr_adam_lrs_wlrs.pt   \n",
       "10   MLP_bs_1024_reg_00_lr_001_n_emb_16_ll_8_dp_wodp_lrnr_adam_lrs_wolrs.pt   \n",
       "14  MLP_bs_1024_reg_00_lr_001_n_emb_32_ll_16_dp_wodp_lrnr_adam_lrs_wolrs.pt   \n",
       "15  MLP_bs_1024_reg_00_lr_001_n_emb_64_ll_32_dp_wodp_lrnr_adam_lrs_wolrs.pt   \n",
       "18   MLP_bs_1024_reg_00_lr_003_n_emb_32_ll_16_dp_wodp_lrnr_adam_lrs_wlrs.pt   \n",
       "16  MLP_bs_1024_reg_00_lr_003_n_emb_32_ll_16_dp_wodp_lrnr_adam_lrs_wolrs.pt   \n",
       "19   MLP_bs_1024_reg_00_lr_003_n_emb_64_ll_32_dp_wodp_lrnr_adam_lrs_wlrs.pt   \n",
       "17  MLP_bs_1024_reg_00_lr_003_n_emb_64_ll_32_dp_wodp_lrnr_adam_lrs_wolrs.pt   \n",
       "9     MLP_bs_512_reg_00_lr_001_n_emb_16_ll_8_dp_wodp_lrnr_adam_lrs_wolrs.pt   \n",
       "24                                      NeuMF_wpret_frozen_SGD_lrs_wolrs.pt   \n",
       "23                          NeuMF_wpret_frozen_SGD_wo_momentum_lrs_wolrs.pt   \n",
       "25                                     NeuMF_wpret_frozen_adam_lrs_wolrs.pt   \n",
       "20                                    NeuMF_wpret_trainable_SGD_lrs_wlrs.pt   \n",
       "26                           NeuMF_wpret_trainable_SGD_lrs_wlrs_loss_MSE.pt   \n",
       "22                        NeuMF_wpret_trainable_SGD_wo_momentum_lrs_wlrs.pt   \n",
       "21                                   NeuMF_wpret_trainable_adam_lrs_wlrs.pt   \n",
       "\n",
       "    iter_loss   best_hr  best_ndcg best_iter  train_time  \n",
       "3    0.271748  0.557995   0.346811        30   81.556514  \n",
       "4    0.208753  0.685528   0.450089        28   81.682074  \n",
       "6    0.147244  0.686205   0.460785        30   84.926549  \n",
       "7    0.095648  0.650702   0.435117        26   93.619321  \n",
       "8    0.054805  0.613295   0.406008        28  120.759626  \n",
       "5    0.203959  0.695273   0.459340        30   84.516223  \n",
       "2    0.209589  0.696055   0.460012        28   88.308644  \n",
       "1    0.064875  0.682043   0.454177        20   81.501053  \n",
       "0    0.066310  0.690650   0.451348        27  103.297969  \n",
       "11   0.328461  0.554590   0.340501        22   90.453197  \n",
       "12   0.250698  0.562561   0.364141        20   91.086219  \n",
       "13   0.242567  0.566530   0.373917        28   91.903554  \n",
       "10   0.197586  0.609697   0.396860        30   98.565004  \n",
       "14   0.161820  0.622289   0.410098        22  103.711247  \n",
       "15   0.135888  0.639440   0.429385        18  119.394426  \n",
       "18   0.196194  0.624532   0.412429        22  103.584324  \n",
       "16   0.203978  0.637601   0.405437        30   95.000546  \n",
       "19   0.205861  0.649072   0.435519        16  118.406985  \n",
       "17   0.361445  0.521402   0.323681         4  116.886245  \n",
       "9    0.264200  0.572160   0.383375        22  121.305953  \n",
       "24   0.155904  0.710310   0.488197         4   79.513714  \n",
       "23   0.154762  0.706373   0.485495         4   82.924275  \n",
       "25   0.155047  0.705058   0.484298         4   81.263757  \n",
       "20   0.152156  0.702186   0.476085        20  114.815670  \n",
       "26   0.046782  0.702388   0.478065        12  110.778055  \n",
       "22   0.158410  0.694038   0.466635         4  105.726984  \n",
       "21   0.142818  0.687794   0.462911         2  132.561878  "
      ]
     },
     "execution_count": 12,
     "metadata": {},
     "output_type": "execute_result"
    }
   ],
   "source": [
    "df_results.sort_values('modelname')"
   ]
  },
  {
   "cell_type": "code",
   "execution_count": 13,
   "metadata": {},
   "outputs": [
    {
     "data": {
      "text/html": [
       "<div>\n",
       "<style scoped>\n",
       "    .dataframe tbody tr th:only-of-type {\n",
       "        vertical-align: middle;\n",
       "    }\n",
       "\n",
       "    .dataframe tbody tr th {\n",
       "        vertical-align: top;\n",
       "    }\n",
       "\n",
       "    .dataframe thead th {\n",
       "        text-align: right;\n",
       "    }\n",
       "</style>\n",
       "<table border=\"1\" class=\"dataframe\">\n",
       "  <thead>\n",
       "    <tr style=\"text-align: right;\">\n",
       "      <th></th>\n",
       "      <th>modelname</th>\n",
       "      <th>iter_loss</th>\n",
       "      <th>best_hr</th>\n",
       "      <th>best_ndcg</th>\n",
       "      <th>best_iter</th>\n",
       "      <th>train_time</th>\n",
       "    </tr>\n",
       "  </thead>\n",
       "  <tbody>\n",
       "    <tr>\n",
       "      <th>24</th>\n",
       "      <td>NeuMF_wpret_frozen_SGD_lrs_wolrs.pt</td>\n",
       "      <td>0.155904</td>\n",
       "      <td>0.710310</td>\n",
       "      <td>0.488197</td>\n",
       "      <td>4</td>\n",
       "      <td>79.513714</td>\n",
       "    </tr>\n",
       "    <tr>\n",
       "      <th>23</th>\n",
       "      <td>NeuMF_wpret_frozen_SGD_wo_momentum_lrs_wolrs.pt</td>\n",
       "      <td>0.154762</td>\n",
       "      <td>0.706373</td>\n",
       "      <td>0.485495</td>\n",
       "      <td>4</td>\n",
       "      <td>82.924275</td>\n",
       "    </tr>\n",
       "    <tr>\n",
       "      <th>25</th>\n",
       "      <td>NeuMF_wpret_frozen_adam_lrs_wolrs.pt</td>\n",
       "      <td>0.155047</td>\n",
       "      <td>0.705058</td>\n",
       "      <td>0.484298</td>\n",
       "      <td>4</td>\n",
       "      <td>81.263757</td>\n",
       "    </tr>\n",
       "    <tr>\n",
       "      <th>26</th>\n",
       "      <td>NeuMF_wpret_trainable_SGD_lrs_wlrs_loss_MSE.pt</td>\n",
       "      <td>0.046782</td>\n",
       "      <td>0.702388</td>\n",
       "      <td>0.478065</td>\n",
       "      <td>12</td>\n",
       "      <td>110.778055</td>\n",
       "    </tr>\n",
       "    <tr>\n",
       "      <th>20</th>\n",
       "      <td>NeuMF_wpret_trainable_SGD_lrs_wlrs.pt</td>\n",
       "      <td>0.152156</td>\n",
       "      <td>0.702186</td>\n",
       "      <td>0.476085</td>\n",
       "      <td>20</td>\n",
       "      <td>114.815670</td>\n",
       "    </tr>\n",
       "    <tr>\n",
       "      <th>2</th>\n",
       "      <td>GMF_bs_1024_lr_001_n_emb_8_lrnr_adam_lrs_wolrs.pt</td>\n",
       "      <td>0.209589</td>\n",
       "      <td>0.696055</td>\n",
       "      <td>0.460012</td>\n",
       "      <td>28</td>\n",
       "      <td>88.308644</td>\n",
       "    </tr>\n",
       "    <tr>\n",
       "      <th>5</th>\n",
       "      <td>GMF_bs_1024_lr_001_n_emb_8_lrnr_adam_lrs_wlrs.pt</td>\n",
       "      <td>0.203959</td>\n",
       "      <td>0.695273</td>\n",
       "      <td>0.459340</td>\n",
       "      <td>30</td>\n",
       "      <td>84.516223</td>\n",
       "    </tr>\n",
       "    <tr>\n",
       "      <th>22</th>\n",
       "      <td>NeuMF_wpret_trainable_SGD_wo_momentum_lrs_wlrs.pt</td>\n",
       "      <td>0.158410</td>\n",
       "      <td>0.694038</td>\n",
       "      <td>0.466635</td>\n",
       "      <td>4</td>\n",
       "      <td>105.726984</td>\n",
       "    </tr>\n",
       "    <tr>\n",
       "      <th>0</th>\n",
       "      <td>GMF_bs_512_lr_001_n_emb_8_lrnr_adam_lrs_wolrs_loss_MSE.pt</td>\n",
       "      <td>0.066310</td>\n",
       "      <td>0.690650</td>\n",
       "      <td>0.451348</td>\n",
       "      <td>27</td>\n",
       "      <td>103.297969</td>\n",
       "    </tr>\n",
       "    <tr>\n",
       "      <th>21</th>\n",
       "      <td>NeuMF_wpret_trainable_adam_lrs_wlrs.pt</td>\n",
       "      <td>0.142818</td>\n",
       "      <td>0.687794</td>\n",
       "      <td>0.462911</td>\n",
       "      <td>2</td>\n",
       "      <td>132.561878</td>\n",
       "    </tr>\n",
       "    <tr>\n",
       "      <th>6</th>\n",
       "      <td>GMF_bs_1024_lr_001_n_emb_16_lrnr_adam_lrs_wolrs.pt</td>\n",
       "      <td>0.147244</td>\n",
       "      <td>0.686205</td>\n",
       "      <td>0.460785</td>\n",
       "      <td>30</td>\n",
       "      <td>84.926549</td>\n",
       "    </tr>\n",
       "    <tr>\n",
       "      <th>4</th>\n",
       "      <td>GMF_bs_1024_lr_0005_n_emb_8_lrnr_adam_lrs_wolrs.pt</td>\n",
       "      <td>0.208753</td>\n",
       "      <td>0.685528</td>\n",
       "      <td>0.450089</td>\n",
       "      <td>28</td>\n",
       "      <td>81.682074</td>\n",
       "    </tr>\n",
       "    <tr>\n",
       "      <th>1</th>\n",
       "      <td>GMF_bs_1024_lr_001_n_emb_8_lrnr_adam_lrs_wolrs_loss_MSE.pt</td>\n",
       "      <td>0.064875</td>\n",
       "      <td>0.682043</td>\n",
       "      <td>0.454177</td>\n",
       "      <td>20</td>\n",
       "      <td>81.501053</td>\n",
       "    </tr>\n",
       "    <tr>\n",
       "      <th>7</th>\n",
       "      <td>GMF_bs_1024_lr_001_n_emb_32_lrnr_adam_lrs_wolrs.pt</td>\n",
       "      <td>0.095648</td>\n",
       "      <td>0.650702</td>\n",
       "      <td>0.435117</td>\n",
       "      <td>26</td>\n",
       "      <td>93.619321</td>\n",
       "    </tr>\n",
       "    <tr>\n",
       "      <th>19</th>\n",
       "      <td>MLP_bs_1024_reg_00_lr_003_n_emb_64_ll_32_dp_wodp_lrnr_adam_lrs_wlrs.pt</td>\n",
       "      <td>0.205861</td>\n",
       "      <td>0.649072</td>\n",
       "      <td>0.435519</td>\n",
       "      <td>16</td>\n",
       "      <td>118.406985</td>\n",
       "    </tr>\n",
       "    <tr>\n",
       "      <th>15</th>\n",
       "      <td>MLP_bs_1024_reg_00_lr_001_n_emb_64_ll_32_dp_wodp_lrnr_adam_lrs_wolrs.pt</td>\n",
       "      <td>0.135888</td>\n",
       "      <td>0.639440</td>\n",
       "      <td>0.429385</td>\n",
       "      <td>18</td>\n",
       "      <td>119.394426</td>\n",
       "    </tr>\n",
       "    <tr>\n",
       "      <th>16</th>\n",
       "      <td>MLP_bs_1024_reg_00_lr_003_n_emb_32_ll_16_dp_wodp_lrnr_adam_lrs_wolrs.pt</td>\n",
       "      <td>0.203978</td>\n",
       "      <td>0.637601</td>\n",
       "      <td>0.405437</td>\n",
       "      <td>30</td>\n",
       "      <td>95.000546</td>\n",
       "    </tr>\n",
       "    <tr>\n",
       "      <th>18</th>\n",
       "      <td>MLP_bs_1024_reg_00_lr_003_n_emb_32_ll_16_dp_wodp_lrnr_adam_lrs_wlrs.pt</td>\n",
       "      <td>0.196194</td>\n",
       "      <td>0.624532</td>\n",
       "      <td>0.412429</td>\n",
       "      <td>22</td>\n",
       "      <td>103.584324</td>\n",
       "    </tr>\n",
       "    <tr>\n",
       "      <th>14</th>\n",
       "      <td>MLP_bs_1024_reg_00_lr_001_n_emb_32_ll_16_dp_wodp_lrnr_adam_lrs_wolrs.pt</td>\n",
       "      <td>0.161820</td>\n",
       "      <td>0.622289</td>\n",
       "      <td>0.410098</td>\n",
       "      <td>22</td>\n",
       "      <td>103.711247</td>\n",
       "    </tr>\n",
       "    <tr>\n",
       "      <th>8</th>\n",
       "      <td>GMF_bs_1024_lr_001_n_emb_64_lrnr_adam_lrs_wolrs.pt</td>\n",
       "      <td>0.054805</td>\n",
       "      <td>0.613295</td>\n",
       "      <td>0.406008</td>\n",
       "      <td>28</td>\n",
       "      <td>120.759626</td>\n",
       "    </tr>\n",
       "    <tr>\n",
       "      <th>10</th>\n",
       "      <td>MLP_bs_1024_reg_00_lr_001_n_emb_16_ll_8_dp_wodp_lrnr_adam_lrs_wolrs.pt</td>\n",
       "      <td>0.197586</td>\n",
       "      <td>0.609697</td>\n",
       "      <td>0.396860</td>\n",
       "      <td>30</td>\n",
       "      <td>98.565004</td>\n",
       "    </tr>\n",
       "    <tr>\n",
       "      <th>9</th>\n",
       "      <td>MLP_bs_512_reg_00_lr_001_n_emb_16_ll_8_dp_wodp_lrnr_adam_lrs_wolrs.pt</td>\n",
       "      <td>0.264200</td>\n",
       "      <td>0.572160</td>\n",
       "      <td>0.383375</td>\n",
       "      <td>22</td>\n",
       "      <td>121.305953</td>\n",
       "    </tr>\n",
       "    <tr>\n",
       "      <th>13</th>\n",
       "      <td>MLP_bs_1024_reg_00_lr_001_n_emb_16_ll_8_dp_wodp_lrnr_adam_lrs_wlrs.pt</td>\n",
       "      <td>0.242567</td>\n",
       "      <td>0.566530</td>\n",
       "      <td>0.373917</td>\n",
       "      <td>28</td>\n",
       "      <td>91.903554</td>\n",
       "    </tr>\n",
       "    <tr>\n",
       "      <th>12</th>\n",
       "      <td>MLP_bs_1024_reg_00_lr_0005_n_emb_16_ll_8_dp_wodp_lrnr_adam_lrs_wolrs.pt</td>\n",
       "      <td>0.250698</td>\n",
       "      <td>0.562561</td>\n",
       "      <td>0.364141</td>\n",
       "      <td>20</td>\n",
       "      <td>91.086219</td>\n",
       "    </tr>\n",
       "    <tr>\n",
       "      <th>3</th>\n",
       "      <td>GMF_bs_1024_lr_0001_n_emb_8_lrnr_adam_lrs_wolrs.pt</td>\n",
       "      <td>0.271748</td>\n",
       "      <td>0.557995</td>\n",
       "      <td>0.346811</td>\n",
       "      <td>30</td>\n",
       "      <td>81.556514</td>\n",
       "    </tr>\n",
       "    <tr>\n",
       "      <th>11</th>\n",
       "      <td>MLP_bs_1024_reg_00_lr_0001_n_emb_16_ll_8_dp_wodp_lrnr_adam_lrs_wolrs.pt</td>\n",
       "      <td>0.328461</td>\n",
       "      <td>0.554590</td>\n",
       "      <td>0.340501</td>\n",
       "      <td>22</td>\n",
       "      <td>90.453197</td>\n",
       "    </tr>\n",
       "    <tr>\n",
       "      <th>17</th>\n",
       "      <td>MLP_bs_1024_reg_00_lr_003_n_emb_64_ll_32_dp_wodp_lrnr_adam_lrs_wolrs.pt</td>\n",
       "      <td>0.361445</td>\n",
       "      <td>0.521402</td>\n",
       "      <td>0.323681</td>\n",
       "      <td>4</td>\n",
       "      <td>116.886245</td>\n",
       "    </tr>\n",
       "  </tbody>\n",
       "</table>\n",
       "</div>"
      ],
      "text/plain": [
       "                                                                  modelname  \\\n",
       "24                                      NeuMF_wpret_frozen_SGD_lrs_wolrs.pt   \n",
       "23                          NeuMF_wpret_frozen_SGD_wo_momentum_lrs_wolrs.pt   \n",
       "25                                     NeuMF_wpret_frozen_adam_lrs_wolrs.pt   \n",
       "26                           NeuMF_wpret_trainable_SGD_lrs_wlrs_loss_MSE.pt   \n",
       "20                                    NeuMF_wpret_trainable_SGD_lrs_wlrs.pt   \n",
       "2                         GMF_bs_1024_lr_001_n_emb_8_lrnr_adam_lrs_wolrs.pt   \n",
       "5                          GMF_bs_1024_lr_001_n_emb_8_lrnr_adam_lrs_wlrs.pt   \n",
       "22                        NeuMF_wpret_trainable_SGD_wo_momentum_lrs_wlrs.pt   \n",
       "0                 GMF_bs_512_lr_001_n_emb_8_lrnr_adam_lrs_wolrs_loss_MSE.pt   \n",
       "21                                   NeuMF_wpret_trainable_adam_lrs_wlrs.pt   \n",
       "6                        GMF_bs_1024_lr_001_n_emb_16_lrnr_adam_lrs_wolrs.pt   \n",
       "4                        GMF_bs_1024_lr_0005_n_emb_8_lrnr_adam_lrs_wolrs.pt   \n",
       "1                GMF_bs_1024_lr_001_n_emb_8_lrnr_adam_lrs_wolrs_loss_MSE.pt   \n",
       "7                        GMF_bs_1024_lr_001_n_emb_32_lrnr_adam_lrs_wolrs.pt   \n",
       "19   MLP_bs_1024_reg_00_lr_003_n_emb_64_ll_32_dp_wodp_lrnr_adam_lrs_wlrs.pt   \n",
       "15  MLP_bs_1024_reg_00_lr_001_n_emb_64_ll_32_dp_wodp_lrnr_adam_lrs_wolrs.pt   \n",
       "16  MLP_bs_1024_reg_00_lr_003_n_emb_32_ll_16_dp_wodp_lrnr_adam_lrs_wolrs.pt   \n",
       "18   MLP_bs_1024_reg_00_lr_003_n_emb_32_ll_16_dp_wodp_lrnr_adam_lrs_wlrs.pt   \n",
       "14  MLP_bs_1024_reg_00_lr_001_n_emb_32_ll_16_dp_wodp_lrnr_adam_lrs_wolrs.pt   \n",
       "8                        GMF_bs_1024_lr_001_n_emb_64_lrnr_adam_lrs_wolrs.pt   \n",
       "10   MLP_bs_1024_reg_00_lr_001_n_emb_16_ll_8_dp_wodp_lrnr_adam_lrs_wolrs.pt   \n",
       "9     MLP_bs_512_reg_00_lr_001_n_emb_16_ll_8_dp_wodp_lrnr_adam_lrs_wolrs.pt   \n",
       "13    MLP_bs_1024_reg_00_lr_001_n_emb_16_ll_8_dp_wodp_lrnr_adam_lrs_wlrs.pt   \n",
       "12  MLP_bs_1024_reg_00_lr_0005_n_emb_16_ll_8_dp_wodp_lrnr_adam_lrs_wolrs.pt   \n",
       "3                        GMF_bs_1024_lr_0001_n_emb_8_lrnr_adam_lrs_wolrs.pt   \n",
       "11  MLP_bs_1024_reg_00_lr_0001_n_emb_16_ll_8_dp_wodp_lrnr_adam_lrs_wolrs.pt   \n",
       "17  MLP_bs_1024_reg_00_lr_003_n_emb_64_ll_32_dp_wodp_lrnr_adam_lrs_wolrs.pt   \n",
       "\n",
       "    iter_loss   best_hr  best_ndcg best_iter  train_time  \n",
       "24   0.155904  0.710310   0.488197         4   79.513714  \n",
       "23   0.154762  0.706373   0.485495         4   82.924275  \n",
       "25   0.155047  0.705058   0.484298         4   81.263757  \n",
       "26   0.046782  0.702388   0.478065        12  110.778055  \n",
       "20   0.152156  0.702186   0.476085        20  114.815670  \n",
       "2    0.209589  0.696055   0.460012        28   88.308644  \n",
       "5    0.203959  0.695273   0.459340        30   84.516223  \n",
       "22   0.158410  0.694038   0.466635         4  105.726984  \n",
       "0    0.066310  0.690650   0.451348        27  103.297969  \n",
       "21   0.142818  0.687794   0.462911         2  132.561878  \n",
       "6    0.147244  0.686205   0.460785        30   84.926549  \n",
       "4    0.208753  0.685528   0.450089        28   81.682074  \n",
       "1    0.064875  0.682043   0.454177        20   81.501053  \n",
       "7    0.095648  0.650702   0.435117        26   93.619321  \n",
       "19   0.205861  0.649072   0.435519        16  118.406985  \n",
       "15   0.135888  0.639440   0.429385        18  119.394426  \n",
       "16   0.203978  0.637601   0.405437        30   95.000546  \n",
       "18   0.196194  0.624532   0.412429        22  103.584324  \n",
       "14   0.161820  0.622289   0.410098        22  103.711247  \n",
       "8    0.054805  0.613295   0.406008        28  120.759626  \n",
       "10   0.197586  0.609697   0.396860        30   98.565004  \n",
       "9    0.264200  0.572160   0.383375        22  121.305953  \n",
       "13   0.242567  0.566530   0.373917        28   91.903554  \n",
       "12   0.250698  0.562561   0.364141        20   91.086219  \n",
       "3    0.271748  0.557995   0.346811        30   81.556514  \n",
       "11   0.328461  0.554590   0.340501        22   90.453197  \n",
       "17   0.361445  0.521402   0.323681         4  116.886245  "
      ]
     },
     "execution_count": 13,
     "metadata": {},
     "output_type": "execute_result"
    }
   ],
   "source": [
    "df_results.sort_values(\"best_hr\", ascending=False)"
   ]
  },
  {
   "cell_type": "markdown",
   "metadata": {},
   "source": [
    "More coming soon..."
   ]
  }
 ],
 "metadata": {
  "kernelspec": {
   "display_name": "Environment (conda_jrz)",
   "language": "python",
   "name": "conda_jrz"
  },
  "language_info": {
   "codemirror_mode": {
    "name": "ipython",
    "version": 3
   },
   "file_extension": ".py",
   "mimetype": "text/x-python",
   "name": "python",
   "nbconvert_exporter": "python",
   "pygments_lexer": "ipython3",
   "version": "3.6.5"
  }
 },
 "nbformat": 4,
 "nbformat_minor": 2
}
